data.input_ids[0]
tensor([64790, 64792,   790, 30951,   517, 30910, 30939, 30996,    13,    13,   # round 1, 13=\n
        54761, 31211, 33467, 31010, 56778, 30998, 55090, 54888, 31010, 49899,
        30998, 33692, 31010, 34298, 30998, 37505, 31010, 56483, 54785, 30998,
        56778, 56278, 54888, 31010, 54589, 56278, 30998, 56778, 54625, 31010,
        55205, 54715, 56778,    13,    13, 55437, 31211, 34001, 54589, 56278,
        54530, 56278, 54888, 31123, 60728, 54888, 58131, 32859, 55205, 54715,
        56778, 31123, 55167, 31697, 38541, 31123, 43518, 56278, 32859, 31701,
        55097, 54625, 56158, 39486, 31123, 41945, 55101, 54557, 56726, 54892,
        35614, 35752, 31123, 31628, 33550, 46616, 31986, 38543, 54643, 32844,
        54715, 54874, 31123, 31777, 54777, 36748, 32922, 31155, 55935, 42290,
        33688, 31123, 32985, 37217, 34298, 56069, 55350, 56483, 32492, 31735,
        31123, 32187, 54571, 60059, 57551, 54556, 34039, 31123, 34372, 33222,
        54892, 33481, 54999, 55583, 31155,     2,     0,     0,     0,     0,
            0,     0,     0,     0,     0,     0,     0,     0,     0,     0,
            0,     0,     0,     0,     0,     0,     0,     0,     0,     0,
            0,     0,     0,     0,     0,     0,     0,     0,     0,     0,
            0,     0,     0,     0,     0,     0,     0,     0,     0,     0,
            0,     0,     0,     0,     0,     0,     0,     0,     0,     0,
            0,     0,     0,     0,     0,     0,     0,     0,     0,     0,
            0,     0,     0])
data.labels[0]
tensor([ -100,  -100,  -100,  -100,  -100,  -100,  -100,  -100,  -100,  -100,
         -100,  -100,  -100,  -100,  -100,  -100,  -100,  -100,  -100,  -100,   # [Round 1]\n\n问：类型#裙*版型#显瘦*颜色#黑色*图案#撞色*裙腰型#高腰*裙长#半身裙\n\n答
         -100,  -100,  -100,  -100,  -100,  -100,  -100,  -100,  -100,  -100, 
         -100,  -100,  -100,  -100,  -100,  -100,  -100,  -100,  -100,  -100,   # ------------ [-100]的部分 -----------------
         -100,  -100,  -100,  -100,  -100,  -100,  -100, 34001, 54589, 56278,
        54530, 56278, 54888, 31123, 60728, 54888, 58131, 32859, 55205, 54715,
        56778, 31123, 55167, 31697, 38541, 31123, 43518, 56278, 32859, 31701,
        55097, 54625, 56158, 39486, 31123, 41945, 55101, 54557, 56726, 54892,   # 中高腰的腰型，ａ型廓型的半身裙，适中的长度，修饰腰型的同时拉长腿的比例，修身显出瘦又大气优雅，可以轻松驾驭各种场合及各类身形，不会受身高限制。暗红色的色彩，搭配两侧黑色拼皮撞色的设计，并且用铆钉来固定，个性独特又时尚百搭。'
        35614, 35752, 31123, 31628, 33550, 46616, 31986, 38543, 54643, 32844,
        54715, 54874, 31123, 31777, 54777, 36748, 32922, 31155, 55935, 42290,
        33688, 31123, 32985, 37217, 34298, 56069, 55350, 56483, 32492, 31735,
        31123, 32187, 54571, 60059, 57551, 54556, 34039, 31123, 34372, 33222,
        54892, 33481, 54999, 55583, 31155,     2,  -100,  -100,  -100,  -100,   # ------------ [-100]的部分 -----------------   # 2 = 结束句子
         -100,  -100,  -100,  -100,  -100,  -100,  -100,  -100,  -100,  -100,
         -100,  -100,  -100,  -100,  -100,  -100,  -100,  -100,  -100,  -100,
         -100,  -100,  -100,  -100,  -100,  -100,  -100,  -100,  -100,  -100,
         -100,  -100,  -100,  -100,  -100,  -100,  -100,  -100,  -100,  -100,
         -100,  -100,  -100,  -100,  -100,  -100,  -100,  -100,  -100,  -100,
         -100,  -100,  -100,  -100,  -100,  -100,  -100,  -100,  -100,  -100,
         -100,  -100,  -100])